25,5
11,6 14,6
14,7 13,6
14,6 13,5
10,13 10,13
12,12 6,12 10,11
11,12 12,12
14,11 12,9
15,8
15,10
12,10 17,11
14,12 14,9
12,9 16,9
20,9
17,9
22,8
17,9
19,8
19,8
16,7
17,7
19,10
12,13 16,13
18,12
16,12
17,12
18,11
18,10
19,11
18,11
18,11
17,9
21,11
18,12
19,11
19,11
20,11
21,11
22,11
18,11
19,12
18,12
26,12
26,12
25,12
25,12
25,12
21,12
20,12
11,13 13,12
9,12 6,12 8,12
8,12 15,12
15,12
17,10
19,11
18,12
19,12
18,12
16,10
24,11
24,11
24,11
23,11
21,11
24,9
3,2
22,5
22,12
20,12
18,11
18,9
21,8
25,7
23,7
