17,10
16,12
14,8
17,11
11,7 11,8
11,10 10,9
10,8 10,9
9,9 15,8
15,9
17,7
18,7
18,7
20,8
19,7
19,11
11,8 16,10
11,9 12,8
22,8
10,10 11,8
13,9 11,7
14,8 10,5
16,7
16,6
16,7
12,7 10,7
14,7 11,7
19,8
16,7
17,7
21,9
19,10
20,7
25,5
25,7
17,7
19,7
21,7
20,8
20,8
16,8
18,7
20,8
20,7
20,9
21,11
5,8 14,8
8,8 11,8
17,10
18,9
18,9
21,9
19,7
20,7
19,8
18,8
21,7
7,7 10,8
9,7 9,8
21,10
22,9
20,9
22,12
8,11 10,10
10,10 9,10
9,10 12,10
11,9 12,9
11,9 12,9
12,10 12,10
18,9
17,10
19,9
22,10
20,9
20,10
23,10
2,8 5,8 11,7
22,7
21,8
8,6 11,6
14,5 12,6
14,8 11,10
17,7
16,7
17,7
18,8
19,8
20,8
22,8
26,6
24,6
22,7
13,7 11,9
22,7
22,8
20,6
23,8
23,8
21,7
19,8
21,8
16,8
23,8
22,8
27,6
21,8
25,9
22,7
24,7
24,7
24,7
22,7
25,7
25,7
20,14
12,12 10,12
13,12 11,11
12,12 13,15
17,10
26,8
20,8
24,8
27,8
25,8
14,9 12,8
19,8
17,7
22,8
22,12
20,8
20,7
22,8
26,6
27,5
21,7
18,8
19,7
21,8
21,8
21,12
11,6 13,6
10,8 13,8
10,13 9,12
20,12
23,13
14,16 8,12
8,9 9,8
11,8 11,9
17,6
19,8
20,8
23,9
22,8
19,8
20,7
24,5
26,6
24,5
23,5
21,6
18,7
20,10
25,9
25,7
22,8
26,8
26,8
32,9
23,7
29,7
