22,5
11,5 8,4
11,4 9,4
16,5
16,5
14,4
14,4
21,3
15,3
15,4
18,4
15,4
14,5
17,4
22,2
21,3
22,3
16,6
12,5 7,4
19,5
17,4
17,3
18,3
18,3
18,4
21,4
17,4
11,5 8,6
18,2
22,2
19,6
18,4
19,5
12,5 9,5
12,5 11,6
19,6
14,7
14,6
17,4
15,6
14,5
16,4
17,5
15,3
11,3 9,3
18,4
18,4
17,4
17,5
17,7
19,4
13,3
15,3
13,4
15,5
17,4
17,5
16,5
16,5
20,4
20,3
19,3
20,5
18,7
15,6
16,5
15,5
17,5
16,5
16,5
17,5
18,5
14,5
14,5
17,5
10,5 11,4
16,4 10,5
15,6
17,6
13,6 10,7
25,6
13,6 10,5
18,6
15,6
16,8
16,7
18,4
17,6
18,4
12,5
16,4
15,4
17,4
15,4
14,4
15,5
17,4
15,4
15,4
15,4
15,4
18,4
18,4
23,6
19,10
11,6 10,6
12,5 10,7
15,4
14,4
14,4
15,4
15,4
19,4
18,6
18,5
21,4
18,4
17,5
8,6 7,4
17,4
17,4
17,4
17,3
16,4
17,6
21,5
20,4
22,4
26,4
18,4
22,4
21,2
23,4
23,4
22,4
23,4
23,6
