22,5
11,5 8,4
11,4 9,4
16,5
18,5
14,4
14,4
17,3
15,3
15,4
18,4
15,4
14,5
17,4
19,2
21,3
18,3
16,6
12,5 7,4
19,5
17,4
17,3
18,3
18,3
18,4
21,4
19,4
12,5 8,6
17,2
23,2
23,6
19,4
19,4
12,5 11,4
12,5 12,5
19,6
14,7
14,6
17,4
15,6
14,5
16,4
16,5
15,3
12,3 9,3
18,4
18,4
17,4
17,5
17,7
19,4
13,3
15,3
13,4
15,5
17,4
17,5
16,5
16,5
19,4
19,3
19,3
19,5
18,6
15,6
16,5
15,5
16,5
16,5
16,5
16,5
15,5
14,5
14,5
16,5
10,5 15,4
14,4 9,5
15,6
17,6
11,6 10,7
25,6
13,6 10,5
18,6
15,6
16,8
16,7
17,5
17,6
15,4
15,5
15,4
15,4
15,4
15,4
14,4
15,5
16,4
15,4
15,4
15,4
15,4
15,4
18,4
23,6
19,9
11,6 10,6
12,5 9,7
14,4
14,4
14,4
14,4
14,4
18,4
18,6
18,5
18,5
18,4
17,5
8,5 13,4
17,4
17,4
17,4
17,4
16,4
17,6
21,6
20,4
22,4
25,4
18,4
22,4
24,4
23,4
23,4
23,4
23,4
23,6
